#Layer_Color=9474304
#
#Feature symbol names
#
$0 r5
$1 r6.6666
$2 r4

#
#Feature attribute names
#

#
#Layer features
#
A 1.215 1.86 1.215 1.86 1.195 1.86 1 P 0 N
A 1.31 3.585 1.31 3.585 1.29 3.585 1 P 0 N
A 1.83 1.94 1.83 1.94 1.81 1.94 1 P 0 N
A 3.285 3.36 3.285 3.36 3.265 3.36 1 P 0 N
A 3.452 2.235 3.452 2.235 3.44 2.235 2 P 0 N
A 3.46 2.235 3.46 2.235 3.44 2.235 1 P 0 N
A 3.92 3.505 3.92 3.505 3.9 3.505 1 P 0 N
A 4.0220787 2.235 4.0220787 2.235 4.0100787 2.235 2 P 0 N
A 4.0300787 2.235 4.0300787 2.235 4.0100787 2.235 1 P 0 N
A 5.545 2.355 5.545 2.355 5.525 2.355 1 P 0 N
A 5.805 3.34 5.805 3.34 5.785 3.34 1 P 0 N
A 6.005 1.205 6.005 1.205 5.985 1.205 1 P 0 N
A 6.295 3.475 6.295 3.475 6.275 3.475 1 P 0 N
A 6.855 3.445 6.855 3.445 6.835 3.445 1 P 0 N
A 7.07 3.16 7.07 3.16 7.05 3.16 1 P 0 N
L 1.1383306 3.99 1.13 3.9983306 0 P 0
L 1.1383311 0.9100005 1.1300005 0.9183311 0 P 0
L 1.1466613 3.99 1.1383306 3.99 0 P 0
L 1.1466613 4.0399838 1.1549919 4.0399838 0 P 0
L 1.1466618 0.9100005 1.1383311 0.9100005 0 P 0
L 1.1466618 0.9599843 1.1549924 0.9599843 0 P 0
L 1.1549919 3.9983306 1.1466613 3.99 0 P 0
L 1.1549919 4.0399838 1.1549919 3.9983306 0 P 0
L 1.1549924 0.9183311 1.1466618 0.9100005 0 P 0
L 1.1549924 0.9599843 1.1549924 0.9183311 0 P 0
L 1.1633226 4.0399838 1.1466613 4.0399838 0 P 0
L 1.1633231 0.9599843 1.1466618 0.9599843 0 P 0
L 1.17 2.3800787 1.17 2.4000787 0 P 0
L 1.17 2.3800787 1.18 2.3800787 0 P 0
L 1.17 2.4000787 1.18 2.4000787 0 P 0
L 1.17 3.2399213 1.17 3.2599213 0 P 0
L 1.17 3.2399213 1.18 3.2399213 0 P 0
L 1.17 3.2599213 1.18 3.2599213 0 P 0
L 1.178 2.3840787 1.178 2.3960787 0 P 0
L 1.178 2.3840787 1.184 2.3840787 0 P 0
L 1.178 2.3960787 1.184 2.3960787 0 P 0
L 1.178 3.2439213 1.178 3.2559213 0 P 0
L 1.178 3.2439213 1.184 3.2439213 0 P 0
L 1.178 3.2559213 1.184 3.2559213 0 P 0
L 1.18 2.3700787 1.18 2.3800787 0 P 0
L 1.18 2.3700787 1.2 2.3700787 0 P 0
L 1.18 2.4000787 1.18 2.4100787 0 P 0
L 1.18 2.4100787 1.2 2.4100787 0 P 0
L 1.18 3.2299213 1.18 3.2399213 0 P 0
L 1.18 3.2299213 1.2 3.2299213 0 P 0
L 1.18 3.2599213 1.18 3.2699213 0 P 0
L 1.18 3.2699213 1.2 3.2699213 0 P 0
L 1.184 2.3780787 1.184 2.3840787 0 P 0
L 1.184 2.3780787 1.196 2.3780787 0 P 0
L 1.184 2.3960787 1.184 2.4020787 0 P 0
L 1.184 2.4020787 1.196 2.4020787 0 P 0
L 1.184 3.2379213 1.184 3.2439213 0 P 0
L 1.184 3.2379213 1.196 3.2379213 0 P 0
L 1.184 3.2559213 1.184 3.2619213 0 P 0
L 1.184 3.2619213 1.196 3.2619213 0 P 0
L 1.1898819 2.165 1.1898819 2.205 0 P 0
L 1.1898819 2.165 1.2298819 2.165 0 P 0
L 1.1898819 2.205 1.2298819 2.205 0 P 0
L 1.196 2.3780787 1.196 2.3840787 0 P 0
L 1.196 2.3840787 1.202 2.3840787 0 P 0
L 1.196 2.3960787 1.196 2.4020787 0 P 0
L 1.196 2.3960787 1.202 2.3960787 0 P 0
L 1.196 3.2379213 1.196 3.2439213 0 P 0
L 1.196 3.2439213 1.202 3.2439213 0 P 0
L 1.196 3.2559213 1.196 3.2619213 0 P 0
L 1.196 3.2559213 1.202 3.2559213 0 P 0
L 1.1978819 2.173 1.1978819 2.197 0 P 0
L 1.1978819 2.173 1.2218819 2.173 0 P 0
L 1.1978819 2.197 1.2218819 2.197 0 P 0
L 1.2 2.3700787 1.2 2.3800787 0 P 0
L 1.2 2.3800787 1.21 2.3800787 0 P 0
L 1.2 2.4000787 1.2 2.4100787 0 P 0
L 1.2 2.4000787 1.21 2.4000787 0 P 0
L 1.2 3.2299213 1.2 3.2399213 0 P 0
L 1.2 3.2399213 1.21 3.2399213 0 P 0
L 1.2 3.2599213 1.2 3.2699213 0 P 0
L 1.2 3.2599213 1.21 3.2599213 0 P 0
L 1.202 2.3840787 1.202 2.3960787 0 P 0
L 1.202 3.2439213 1.202 3.2559213 0 P 0
L 1.21 2.3800787 1.21 2.4000787 0 P 0
L 1.21 3.2399213 1.21 3.2599213 0 P 0
L 1.2218819 2.173 1.2218819 2.197 0 P 0
L 1.2298819 2.165 1.2298819 2.205 0 P 0
L 1.545 3.15 1.5783226 3.15 0 P 0
L 1.545 3.1999838 1.545 3.15 0 P 0
L 1.6095 3.855 1.6344919 3.855 0 P 0
L 1.6095 3.9049838 1.6095 3.855 0 P 0
L 1.62 3.36 1.62 3.3933226 0 P 0
L 1.62 3.3933226 1.6366613 3.4099838 0 P 0
L 1.6344919 3.855 1.6428226 3.8633306 0 P 0
L 1.6344919 3.9049838 1.6095 3.9049838 0 P 0
L 1.6366613 3.4099838 1.6533226 3.3933226 0 P 0
L 1.6428226 3.8633306 1.6428226 3.8966532 0 P 0
L 1.6428226 3.8966532 1.6344919 3.9049838 0 P 0
L 1.6533226 3.36 1.6533226 3.3849919 0 P 0
L 1.6533226 3.3849919 1.62 3.3849919 0 P 0
L 1.6533226 3.3933226 1.6533226 3.36 0 P 0
L 1.665 2.415 1.665 2.435 0 P 0
L 1.665 2.415 1.675 2.415 0 P 0
L 1.665 2.435 1.675 2.435 0 P 0
L 1.665 2.6118504 1.665 2.6318504 0 P 0
L 1.665 2.6118504 1.675 2.6118504 0 P 0
L 1.665 2.6318504 1.675 2.6318504 0 P 0
L 1.675 2.405 1.675 2.415 0 P 0
L 1.675 2.405 1.695 2.405 0 P 0
L 1.675 2.435 1.675 2.445 0 P 0
L 1.675 2.445 1.695 2.445 0 P 0
L 1.675 2.6018504 1.675 2.6118504 0 P 0
L 1.675 2.6018504 1.695 2.6018504 0 P 0
L 1.675 2.6318504 1.675 2.6418504 0 P 0
L 1.675 2.6418504 1.695 2.6418504 0 P 0
L 1.695 2.405 1.695 2.415 0 P 0
L 1.695 2.415 1.705 2.415 0 P 0
L 1.695 2.435 1.695 2.445 0 P 0
L 1.695 2.435 1.705 2.435 0 P 0
L 1.695 2.6018504 1.695 2.6118504 0 P 0
L 1.695 2.6118504 1.705 2.6118504 0 P 0
L 1.695 2.6318504 1.695 2.6418504 0 P 0
L 1.695 2.6318504 1.705 2.6318504 0 P 0
L 1.705 2.415 1.705 2.435 0 P 0
L 1.705 2.6118504 1.705 2.6318504 0 P 0
L 1.745 2.165 1.745 2.205 0 P 0
L 1.745 2.165 1.785 2.165 0 P 0
L 1.745 2.205 1.785 2.205 0 P 0
L 1.745 2.86 1.745 2.87 0 P 0
L 1.745 2.86 1.755 2.86 0 P 0
L 1.745 2.87 1.755 2.88 0 P 0
L 1.745 2.89 1.745 2.9 0 P 0
L 1.745 2.89 1.755 2.88 0 P 0
L 1.745 2.9 1.755 2.9 0 P 0
L 1.745 2.96 1.745 2.97 0 P 0
L 1.745 2.96 1.755 2.96 0 P 0
L 1.745 2.97 1.755 2.98 0 P 0
L 1.745 2.99 1.745 3 0 P 0
L 1.745 2.99 1.755 2.98 0 P 0
L 1.745 3 1.755 3 0 P 0
L 1.753 2.173 1.753 2.197 0 P 0
L 1.753 2.173 1.777 2.173 0 P 0
L 1.753 2.197 1.777 2.197 0 P 0
L 1.753 2.868 1.753 2.874 0 P 0
L 1.753 2.868 1.759 2.868 0 P 0
L 1.753 2.874 1.759 2.88 0 P 0
L 1.753 2.886 1.753 2.892 0 P 0
L 1.753 2.886 1.759 2.88 0 P 0
L 1.753 2.892 1.759 2.892 0 P 0
L 1.753 2.968 1.753 2.974 0 P 0
L 1.753 2.968 1.759 2.968 0 P 0
L 1.753 2.974 1.759 2.98 0 P 0
L 1.753 2.986 1.753 2.992 0 P 0
L 1.753 2.986 1.759 2.98 0 P 0
L 1.753 2.992 1.759 2.992 0 P 0
L 1.755 2.86 1.765 2.87 0 P 0
L 1.755 2.9 1.765 2.89 0 P 0
L 1.755 2.96 1.765 2.97 0 P 0
L 1.755 3 1.765 2.99 0 P 0
L 1.759 2.868 1.765 2.874 0 P 0
L 1.759 2.892 1.765 2.886 0 P 0
L 1.759 2.968 1.765 2.974 0 P 0
L 1.759 2.992 1.765 2.986 0 P 0
L 1.765 2.87 1.775 2.86 0 P 0
L 1.765 2.874 1.771 2.868 0 P 0
L 1.765 2.886 1.771 2.892 0 P 0
L 1.765 2.89 1.775 2.9 0 P 0
L 1.765 2.97 1.775 2.96 0 P 0
L 1.765 2.974 1.771 2.968 0 P 0
L 1.765 2.986 1.771 2.992 0 P 0
L 1.765 2.99 1.775 3 0 P 0
L 1.771 2.868 1.777 2.868 0 P 0
L 1.771 2.88 1.777 2.874 0 P 0
L 1.771 2.88 1.777 2.886 0 P 0
L 1.771 2.892 1.777 2.892 0 P 0
L 1.771 2.968 1.777 2.968 0 P 0
L 1.771 2.98 1.777 2.974 0 P 0
L 1.771 2.98 1.777 2.986 0 P 0
L 1.771 2.992 1.777 2.992 0 P 0
L 1.775 2.86 1.785 2.86 0 P 0
L 1.775 2.88 1.785 2.87 0 P 0
L 1.775 2.88 1.785 2.89 0 P 0
L 1.775 2.9 1.785 2.9 0 P 0
L 1.775 2.96 1.785 2.96 0 P 0
L 1.775 2.98 1.785 2.97 0 P 0
L 1.775 2.98 1.785 2.99 0 P 0
L 1.775 3 1.785 3 0 P 0
L 1.777 2.173 1.777 2.197 0 P 0
L 1.777 2.868 1.777 2.874 0 P 0
L 1.777 2.886 1.777 2.892 0 P 0
L 1.777 2.968 1.777 2.974 0 P 0
L 1.777 2.986 1.777 2.992 0 P 0
L 1.785 2.165 1.785 2.205 0 P 0
L 1.785 2.86 1.785 2.87 0 P 0
L 1.785 2.89 1.785 2.9 0 P 0
L 1.785 2.96 1.785 2.97 0 P 0
L 1.785 2.99 1.785 3 0 P 0
L 1.82 3.36 1.82 3.3933226 0 P 0
L 1.82 3.3933226 1.8366613 3.4099838 0 P 0
L 1.82 3.6445 1.8449919 3.6445 0 P 0
L 1.82 3.6944838 1.82 3.6445 0 P 0
L 1.82 4.0655 1.8449919 4.0655 0 P 0
L 1.82 4.1154838 1.82 4.0655 0 P 0
L 1.8366613 3.4099838 1.8533226 3.3933226 0 P 0
L 1.8449919 3.6445 1.8533226 3.6528306 0 P 0
L 1.8449919 3.6944838 1.82 3.6944838 0 P 0
L 1.8449919 4.0655 1.8533226 4.0738306 0 P 0
L 1.8449919 4.1154838 1.82 4.1154838 0 P 0
L 1.845 3.15 1.8783226 3.15 0 P 0
L 1.845 3.1999838 1.845 3.15 0 P 0
L 1.8533226 3.36 1.8533226 3.3849919 0 P 0
L 1.8533226 3.3849919 1.82 3.3849919 0 P 0
L 1.8533226 3.3933226 1.8533226 3.36 0 P 0
L 1.8533226 3.6528306 1.8533226 3.6861532 0 P 0
L 1.8533226 3.6861532 1.8449919 3.6944838 0 P 0
L 1.8533226 4.0738306 1.8533226 4.1071532 0 P 0
L 1.8533226 4.1071532 1.8449919 4.1154838 0 P 0
L 2.0475197 2.5859843 2.0675197 2.5659843 0 P 0
L 2.0475197 2.5859843 2.0675197 2.6059843 0 P 0
L 2.0675197 2.5659843 2.0875197 2.5859843 0 P 0
L 2.0675197 2.6059843 2.0875197 2.5859843 0 P 0
L 2.215 3.3165748 2.235 3.2765748 0 P 0
L 2.215 3.3165748 2.255 3.3165748 0 P 0
L 2.215 3.915 2.235 3.875 0 P 0
L 2.215 3.915 2.255 3.915 0 P 0
L 2.235 1.34 2.235 1.38 0 P 0
L 2.235 1.34 2.275 1.34 0 P 0
L 2.235 1.38 2.275 1.38 0 P 0
L 2.235 3.2765748 2.255 3.3165748 0 P 0
L 2.235 3.875 2.255 3.915 0 P 0
L 2.275 1.34 2.275 1.38 0 P 0
L 2.3975197 2.4859843 2.4175197 2.4659843 0 P 0
L 2.3975197 2.4859843 2.4175197 2.5059843 0 P 0
L 2.3975197 2.9859843 2.4175197 2.9659843 0 P 0
L 2.3975197 2.9859843 2.4175197 3.0059843 0 P 0
L 2.4175197 2.4659843 2.4375197 2.4859843 0 P 0
L 2.4175197 2.5059843 2.4375197 2.4859843 0 P 0
L 2.4175197 2.9659843 2.4375197 2.9859843 0 P 0
L 2.4175197 3.0059843 2.4375197 2.9859843 0 P 0
L 2.4975197 2.2359843 2.5175197 2.2159843 0 P 0
L 2.4975197 2.2359843 2.5175197 2.2559843 0 P 0
L 2.5115748 3.62 2.5315748 3.58 0 P 0
L 2.5115748 3.62 2.5515748 3.62 0 P 0
L 2.5175197 2.2159843 2.5375197 2.2359843 0 P 0
L 2.5175197 2.2559843 2.5375197 2.2359843 0 P 0
L 2.5195748 3.612 2.5315748 3.588 0 P 0
L 2.5195748 3.612 2.5435748 3.612 0 P 0
L 2.5315748 3.58 2.5515748 3.62 0 P 0
L 2.5315748 3.588 2.5435748 3.612 0 P 0
L 2.56 3.32 2.58 3.28 0 P 0
L 2.56 3.32 2.6 3.32 0 P 0
L 2.58 3.28 2.6 3.32 0 P 0
L 2.61 3.62 2.63 3.58 0 P 0
L 2.61 3.62 2.65 3.62 0 P 0
L 2.618 3.612 2.63 3.588 0 P 0
L 2.618 3.612 2.642 3.612 0 P 0
L 2.63 3.58 2.65 3.62 0 P 0
L 2.63 3.588 2.642 3.612 0 P 0
L 2.7084252 3.62 2.7284252 3.58 0 P 0
L 2.7084252 3.62 2.7484252 3.62 0 P 0
L 2.7164252 3.612 2.7284252 3.588 0 P 0
L 2.7164252 3.612 2.7404252 3.612 0 P 0
L 2.7284252 3.58 2.7484252 3.62 0 P 0
L 2.7284252 3.588 2.7404252 3.612 0 P 0
L 2.805 2.465 2.805 2.475 0 P 0
L 2.805 2.465 2.815 2.465 0 P 0
L 2.805 2.475 2.815 2.485 0 P 0
L 2.805 2.495 2.805 2.505 0 P 0
L 2.805 2.495 2.815 2.485 0 P 0
L 2.805 2.505 2.815 2.505 0 P 0
L 2.815 2.465 2.825 2.475 0 P 0
L 2.815 2.505 2.825 2.495 0 P 0
L 2.825 2.475 2.835 2.465 0 P 0
L 2.825 2.495 2.835 2.505 0 P 0
L 2.835 2.465 2.845 2.465 0 P 0
L 2.835 2.485 2.845 2.475 0 P 0
L 2.835 2.485 2.845 2.495 0 P 0
L 2.835 2.505 2.845 2.505 0 P 0
L 2.845 2.465 2.845 2.475 0 P 0
L 2.845 2.495 2.845 2.505 0 P 0
L 3.0248819 3.545 3.0248819 3.585 0 P 0
L 3.0248819 3.545 3.0648819 3.545 0 P 0
L 3.0248819 3.585 3.0648819 3.585 0 P 0
L 3.0328819 3.553 3.0328819 3.577 0 P 0
L 3.0328819 3.553 3.0568819 3.553 0 P 0
L 3.0328819 3.577 3.0568819 3.577 0 P 0
L 3.056063 3.32 3.076063 3.28 0 P 0
L 3.056063 3.32 3.096063 3.32 0 P 0
L 3.0568819 3.553 3.0568819 3.577 0 P 0
L 3.0600787 3.875 3.0600787 3.895 0 P 0
L 3.0600787 3.875 3.0700787 3.875 0 P 0
L 3.0600787 3.895 3.0700787 3.895 0 P 0
L 3.0648819 3.545 3.0648819 3.585 0 P 0
L 3.0680787 3.879 3.0680787 3.891 0 P 0
L 3.0680787 3.879 3.0740787 3.879 0 P 0
L 3.0680787 3.891 3.0740787 3.891 0 P 0
L 3.0700787 3.865 3.0700787 3.875 0 P 0
L 3.0700787 3.865 3.0900787 3.865 0 P 0
L 3.0700787 3.895 3.0700787 3.905 0 P 0
L 3.0700787 3.905 3.0900787 3.905 0 P 0
L 3.0740787 3.873 3.0740787 3.879 0 P 0
L 3.0740787 3.873 3.0860787 3.873 0 P 0
L 3.0740787 3.891 3.0740787 3.897 0 P 0
L 3.0740787 3.897 3.0860787 3.897 0 P 0
L 3.076063 3.28 3.096063 3.32 0 P 0
L 3.0860787 3.873 3.0860787 3.879 0 P 0
L 3.0860787 3.879 3.0920787 3.879 0 P 0
L 3.0860787 3.891 3.0860787 3.897 0 P 0
L 3.0860787 3.891 3.0920787 3.891 0 P 0
L 3.0900787 3.865 3.0900787 3.875 0 P 0
L 3.0900787 3.875 3.1000787 3.875 0 P 0
L 3.0900787 3.895 3.0900787 3.905 0 P 0
L 3.0900787 3.895 3.1000787 3.895 0 P 0
L 3.0920787 3.879 3.0920787 3.891 0 P 0
L 3.0975197 2.2359843 3.1175197 2.2159843 0 P 0
L 3.0975197 2.2359843 3.1175197 2.2559843 0 P 0
L 3.1000787 3.875 3.1000787 3.895 0 P 0
L 3.1175197 2.2159843 3.1375197 2.2359843 0 P 0
L 3.1175197 2.2559843 3.1375197 2.2359843 0 P 0
L 3.58 3.545 3.58 3.585 0 P 0
L 3.58 3.545 3.62 3.545 0 P 0
L 3.58 3.585 3.62 3.585 0 P 0
L 3.588 3.553 3.588 3.577 0 P 0
L 3.588 3.553 3.612 3.553 0 P 0
L 3.588 3.577 3.612 3.577 0 P 0
L 3.612 3.553 3.612 3.577 0 P 0
L 3.62 3.545 3.62 3.585 0 P 0
L 3.9 2.515 3.92 2.475 0 P 0
L 3.9 2.515 3.94 2.515 0 P 0
L 3.9 2.765 3.92 2.725 0 P 0
L 3.9 2.765 3.94 2.765 0 P 0
L 3.9199213 3.875 3.9199213 3.895 0 P 0
L 3.9199213 3.875 3.9299213 3.875 0 P 0
L 3.9199213 3.895 3.9299213 3.895 0 P 0
L 3.92 2.475 3.94 2.515 0 P 0
L 3.92 2.725 3.94 2.765 0 P 0
L 3.9279213 3.879 3.9279213 3.891 0 P 0
L 3.9279213 3.879 3.9339213 3.879 0 P 0
L 3.9279213 3.891 3.9339213 3.891 0 P 0
L 3.9299213 3.865 3.9299213 3.875 0 P 0
L 3.9299213 3.865 3.9499213 3.865 0 P 0
L 3.9299213 3.895 3.9299213 3.905 0 P 0
L 3.9299213 3.905 3.9499213 3.905 0 P 0
L 3.9339213 3.873 3.9339213 3.879 0 P 0
L 3.9339213 3.873 3.9459213 3.873 0 P 0
L 3.9339213 3.891 3.9339213 3.897 0 P 0
L 3.9339213 3.897 3.9459213 3.897 0 P 0
L 3.9459213 3.873 3.9459213 3.879 0 P 0
L 3.9459213 3.879 3.9519213 3.879 0 P 0
L 3.9459213 3.891 3.9459213 3.897 0 P 0
L 3.9459213 3.891 3.9519213 3.891 0 P 0
L 3.9499213 3.865 3.9499213 3.875 0 P 0
L 3.9499213 3.875 3.9599213 3.875 0 P 0
L 3.9499213 3.895 3.9499213 3.905 0 P 0
L 3.9499213 3.895 3.9599213 3.895 0 P 0
L 3.9519213 3.879 3.9519213 3.891 0 P 0
L 3.9599213 3.875 3.9599213 3.895 0 P 0
L 4.36 3.56 4.36 3.6 0 P 0
L 4.36 3.56 4.4 3.56 0 P 0
L 4.36 3.6 4.4 3.6 0 P 0
L 4.36 3.8552756 4.36 3.8952756 0 P 0
L 4.36 3.8552756 4.4 3.8552756 0 P 0
L 4.36 3.8952756 4.4 3.8952756 0 P 0
L 4.368 3.568 4.368 3.592 0 P 0
L 4.368 3.568 4.392 3.568 0 P 0
L 4.368 3.592 4.392 3.592 0 P 0
L 4.368 3.8632756 4.368 3.8872756 0 P 0
L 4.368 3.8632756 4.392 3.8632756 0 P 0
L 4.368 3.8872756 4.392 3.8872756 0 P 0
L 4.392 3.568 4.392 3.592 0 P 0
L 4.392 3.8632756 4.392 3.8872756 0 P 0
L 4.4 3.56 4.4 3.6 0 P 0
L 4.4 3.8552756 4.4 3.8952756 0 P 0
L 4.4542126 2.1062598 4.4542126 2.1262598 0 P 0
L 4.4542126 2.1062598 4.4642126 2.1062598 0 P 0
L 4.4542126 2.1262598 4.4642126 2.1262598 0 P 0
L 4.4642126 2.0962598 4.4642126 2.1062598 0 P 0
L 4.4642126 2.0962598 4.4842126 2.0962598 0 P 0
L 4.4642126 2.1262598 4.4642126 2.1362598 0 P 0
L 4.4642126 2.1362598 4.4842126 2.1362598 0 P 0
L 4.4842126 2.0962598 4.4842126 2.1062598 0 P 0
L 4.4842126 2.1062598 4.4942126 2.1062598 0 P 0
L 4.4842126 2.1262598 4.4842126 2.1362598 0 P 0
L 4.4842126 2.1262598 4.4942126 2.1262598 0 P 0
L 4.4942126 2.1062598 4.4942126 2.1262598 0 P 0
L 4.88 3.26 4.89 3.28 0 P 0
L 4.88 3.26 4.9 3.27 0 P 0
L 4.88 3.3 4.89 3.28 0 P 0
L 4.88 3.3 4.9 3.29 0 P 0
L 4.88 3.36 4.89 3.38 0 P 0
L 4.88 3.36 4.9 3.37 0 P 0
L 4.88 3.4 4.89 3.38 0 P 0
L 4.88 3.4 4.9 3.39 0 P 0
L 4.88 3.46 4.89 3.48 0 P 0
L 4.88 3.46 4.9 3.47 0 P 0
L 4.88 3.5 4.89 3.48 0 P 0
L 4.88 3.5 4.9 3.49 0 P 0
L 4.88 3.56 4.89 3.58 0 P 0
L 4.88 3.56 4.9 3.57 0 P 0
L 4.88 3.6 4.89 3.58 0 P 0
L 4.88 3.6 4.9 3.59 0 P 0
L 4.88 3.76 4.89 3.78 0 P 0
L 4.88 3.76 4.9 3.77 0 P 0
L 4.88 3.8 4.89 3.78 0 P 0
L 4.88 3.8 4.9 3.79 0 P 0
L 4.88 3.86 4.89 3.88 0 P 0
L 4.88 3.86 4.9 3.87 0 P 0
L 4.88 3.9 4.89 3.88 0 P 0
L 4.88 3.9 4.9 3.89 0 P 0
L 4.88 3.96 4.89 3.98 0 P 0
L 4.88 3.96 4.9 3.97 0 P 0
L 4.88 4 4.89 3.98 0 P 0
L 4.88 4 4.9 3.99 0 P 0
L 4.888 3.268 4.894 3.28 0 P 0
L 4.888 3.268 4.9 3.274 0 P 0
L 4.888 3.292 4.894 3.28 0 P 0
L 4.888 3.292 4.9 3.286 0 P 0
L 4.888 3.368 4.894 3.38 0 P 0
L 4.888 3.368 4.9 3.374 0 P 0
L 4.888 3.392 4.894 3.38 0 P 0
L 4.888 3.392 4.9 3.386 0 P 0
L 4.888 3.468 4.894 3.48 0 P 0
L 4.888 3.468 4.9 3.474 0 P 0
L 4.888 3.492 4.894 3.48 0 P 0
L 4.888 3.492 4.9 3.486 0 P 0
L 4.888 3.568 4.894 3.58 0 P 0
L 4.888 3.568 4.9 3.574 0 P 0
L 4.888 3.592 4.894 3.58 0 P 0
L 4.888 3.592 4.9 3.586 0 P 0
L 4.888 3.768 4.894 3.78 0 P 0
L 4.888 3.768 4.9 3.774 0 P 0
L 4.888 3.792 4.894 3.78 0 P 0
L 4.888 3.792 4.9 3.786 0 P 0
L 4.888 3.868 4.894 3.88 0 P 0
L 4.888 3.868 4.9 3.874 0 P 0
L 4.888 3.892 4.894 3.88 0 P 0
L 4.888 3.892 4.9 3.886 0 P 0
L 4.888 3.968 4.894 3.98 0 P 0
L 4.888 3.968 4.9 3.974 0 P 0
L 4.888 3.992 4.894 3.98 0 P 0
L 4.888 3.992 4.9 3.986 0 P 0
L 4.9 3.27 4.92 3.26 0 P 0
L 4.9 3.274 4.912 3.268 0 P 0
L 4.9 3.286 4.912 3.292 0 P 0
L 4.9 3.29 4.92 3.3 0 P 0
L 4.9 3.37 4.92 3.36 0 P 0
L 4.9 3.374 4.912 3.368 0 P 0
L 4.9 3.386 4.912 3.392 0 P 0
L 4.9 3.39 4.92 3.4 0 P 0
L 4.9 3.47 4.92 3.46 0 P 0
L 4.9 3.474 4.912 3.468 0 P 0
L 4.9 3.486 4.912 3.492 0 P 0
L 4.9 3.49 4.92 3.5 0 P 0
L 4.9 3.57 4.92 3.56 0 P 0
L 4.9 3.574 4.912 3.568 0 P 0
L 4.9 3.586 4.912 3.592 0 P 0
L 4.9 3.59 4.92 3.6 0 P 0
L 4.9 3.77 4.92 3.76 0 P 0
L 4.9 3.774 4.912 3.768 0 P 0
L 4.9 3.786 4.912 3.792 0 P 0
L 4.9 3.79 4.92 3.8 0 P 0
L 4.9 3.87 4.92 3.86 0 P 0
L 4.9 3.874 4.912 3.868 0 P 0
L 4.9 3.886 4.912 3.892 0 P 0
L 4.9 3.89 4.92 3.9 0 P 0
L 4.9 3.97 4.92 3.96 0 P 0
L 4.9 3.974 4.912 3.968 0 P 0
L 4.9 3.986 4.912 3.992 0 P 0
L 4.9 3.99 4.92 4 0 P 0
L 4.906 3.28 4.912 3.268 0 P 0
L 4.906 3.28 4.912 3.292 0 P 0
L 4.906 3.38 4.912 3.368 0 P 0
L 4.906 3.38 4.912 3.392 0 P 0
L 4.906 3.48 4.912 3.468 0 P 0
L 4.906 3.48 4.912 3.492 0 P 0
L 4.906 3.58 4.912 3.568 0 P 0
L 4.906 3.58 4.912 3.592 0 P 0
L 4.906 3.78 4.912 3.768 0 P 0
L 4.906 3.78 4.912 3.792 0 P 0
L 4.906 3.88 4.912 3.868 0 P 0
L 4.906 3.88 4.912 3.892 0 P 0
L 4.906 3.98 4.912 3.968 0 P 0
L 4.906 3.98 4.912 3.992 0 P 0
L 4.91 3.28 4.92 3.26 0 P 0
L 4.91 3.28 4.92 3.3 0 P 0
L 4.91 3.38 4.92 3.36 0 P 0
L 4.91 3.38 4.92 3.4 0 P 0
L 4.91 3.48 4.92 3.46 0 P 0
L 4.91 3.48 4.92 3.5 0 P 0
L 4.91 3.58 4.92 3.56 0 P 0
L 4.91 3.58 4.92 3.6 0 P 0
L 4.91 3.78 4.92 3.76 0 P 0
L 4.91 3.78 4.92 3.8 0 P 0
L 4.91 3.88 4.92 3.86 0 P 0
L 4.91 3.88 4.92 3.9 0 P 0
L 4.91 3.98 4.92 3.96 0 P 0
L 4.91 3.98 4.92 4 0 P 0
L 5.0498823 1.34 5.0498823 1.38 0 P 0
L 5.0498823 1.34 5.0898823 1.34 0 P 0
L 5.0498823 1.38 5.0898823 1.38 0 P 0
L 5.0898823 1.34 5.0898823 1.38 0 P 0
L 5.265 3.24 5.285 3.2 0 P 0
L 5.265 3.24 5.305 3.24 0 P 0
L 5.265 3.335 5.275 3.355 0 P 0
L 5.265 3.335 5.285 3.345 0 P 0
L 5.265 3.375 5.275 3.355 0 P 0
L 5.265 3.375 5.285 3.365 0 P 0
L 5.265 3.635 5.275 3.655 0 P 0
L 5.265 3.635 5.285 3.645 0 P 0
L 5.265 3.675 5.275 3.655 0 P 0
L 5.265 3.675 5.285 3.665 0 P 0
L 5.265 3.8 5.285 3.76 0 P 0
L 5.265 3.8 5.305 3.8 0 P 0
L 5.285 3.2 5.305 3.24 0 P 0
L 5.285 3.345 5.305 3.335 0 P 0
L 5.285 3.365 5.305 3.375 0 P 0
L 5.285 3.645 5.305 3.635 0 P 0
L 5.285 3.665 5.305 3.675 0 P 0
L 5.285 3.76 5.305 3.8 0 P 0
L 5.295 3.355 5.305 3.335 0 P 0
L 5.295 3.355 5.305 3.375 0 P 0
L 5.295 3.655 5.305 3.635 0 P 0
L 5.295 3.655 5.305 3.675 0 P 0
L 5.3273228 2.7499919 5.3273228 2.725 0 P 0
L 5.3273228 2.7499919 5.3439841 2.7499919 0 P 0
L 5.3273228 2.7749838 5.3273228 2.7499919 0 P 0
L 5.3439841 2.7499919 5.3273228 2.7499919 0 P 0
L 5.3606454 2.7749838 5.3273228 2.7749838 0 P 0
L 5.365 3.335 5.375 3.355 0 P 0
L 5.365 3.335 5.385 3.345 0 P 0
L 5.365 3.375 5.375 3.355 0 P 0
L 5.365 3.375 5.385 3.365 0 P 0
L 5.365 3.635 5.375 3.655 0 P 0
L 5.365 3.635 5.385 3.645 0 P 0
L 5.365 3.675 5.375 3.655 0 P 0
L 5.365 3.675 5.385 3.665 0 P 0
L 5.365 4.015 5.375 4.015 0 P 0
L 5.365 4.015 5.375 4.025 0 P 0
L 5.365 4.035 5.375 4.025 0 P 0
L 5.365 4.035 5.375 4.035 0 P 0
L 5.373 4.019 5.379 4.019 0 P 0
L 5.373 4.019 5.379 4.025 0 P 0
L 5.373 4.031 5.379 4.025 0 P 0
L 5.373 4.031 5.379 4.031 0 P 0
L 5.375 4.015 5.385 4.005 0 P 0
L 5.375 4.035 5.385 4.045 0 P 0
L 5.379 4.019 5.385 4.013 0 P 0
L 5.379 4.031 5.385 4.037 0 P 0
L 5.385 3.345 5.405 3.335 0 P 0
L 5.385 3.365 5.405 3.375 0 P 0
L 5.385 3.645 5.405 3.635 0 P 0
L 5.385 3.665 5.405 3.675 0 P 0
L 5.385 4.005 5.395 4.015 0 P 0
L 5.385 4.013 5.391 4.019 0 P 0
L 5.385 4.037 5.391 4.031 0 P 0
L 5.385 4.045 5.395 4.035 0 P 0
L 5.391 4.019 5.397 4.019 0 P 0
L 5.391 4.025 5.397 4.019 0 P 0
L 5.391 4.025 5.397 4.031 0 P 0
L 5.391 4.031 5.397 4.031 0 P 0
L 5.395 3.355 5.405 3.335 0 P 0
L 5.395 3.355 5.405 3.375 0 P 0
L 5.395 3.655 5.405 3.635 0 P 0
L 5.395 3.655 5.405 3.675 0 P 0
L 5.395 4.015 5.405 4.015 0 P 0
L 5.395 4.025 5.405 4.015 0 P 0
L 5.395 4.025 5.405 4.035 0 P 0
L 5.395 4.035 5.405 4.035 0 P 0
L 5.465 3.335 5.475 3.355 0 P 0
L 5.465 3.335 5.485 3.345 0 P 0
L 5.465 3.375 5.475 3.355 0 P 0
L 5.465 3.375 5.485 3.365 0 P 0
L 5.465 3.635 5.475 3.655 0 P 0
L 5.465 3.635 5.485 3.645 0 P 0
L 5.465 3.675 5.475 3.655 0 P 0
L 5.465 3.675 5.485 3.665 0 P 0
L 5.485 3.345 5.505 3.335 0 P 0
L 5.485 3.365 5.505 3.375 0 P 0
L 5.485 3.645 5.505 3.635 0 P 0
L 5.485 3.665 5.505 3.675 0 P 0
L 5.495 3.355 5.505 3.335 0 P 0
L 5.495 3.355 5.505 3.375 0 P 0
L 5.495 3.655 5.505 3.635 0 P 0
L 5.495 3.655 5.505 3.675 0 P 0
L 5.5618504 4.015 5.5718504 4.015 0 P 0
L 5.5618504 4.015 5.5718504 4.025 0 P 0
L 5.5618504 4.035 5.5718504 4.025 0 P 0
L 5.5618504 4.035 5.5718504 4.035 0 P 0
L 5.565 3.24 5.585 3.2 0 P 0
L 5.565 3.24 5.605 3.24 0 P 0
L 5.565 3.335 5.575 3.355 0 P 0
L 5.565 3.335 5.585 3.345 0 P 0
L 5.565 3.375 5.575 3.355 0 P 0
L 5.565 3.375 5.585 3.365 0 P 0
L 5.565 3.635 5.575 3.655 0 P 0
L 5.565 3.635 5.585 3.645 0 P 0
L 5.565 3.675 5.575 3.655 0 P 0
L 5.565 3.675 5.585 3.665 0 P 0
L 5.565 3.8 5.585 3.76 0 P 0
L 5.565 3.8 5.605 3.8 0 P 0
L 5.5698504 4.019 5.5758504 4.019 0 P 0
L 5.5698504 4.019 5.5758504 4.025 0 P 0
L 5.5698504 4.031 5.5758504 4.025 0 P 0
L 5.5698504 4.031 5.5758504 4.031 0 P 0
L 5.5718504 4.015 5.5818504 4.005 0 P 0
L 5.5718504 4.035 5.5818504 4.045 0 P 0
L 5.5758504 4.019 5.5818504 4.013 0 P 0
L 5.5758504 4.031 5.5818504 4.037 0 P 0
L 5.5818504 4.005 5.5918504 4.015 0 P 0
L 5.5818504 4.013 5.5878504 4.019 0 P 0
L 5.5818504 4.037 5.5878504 4.031 0 P 0
L 5.5818504 4.045 5.5918504 4.035 0 P 0
L 5.585 3.2 5.605 3.24 0 P 0
L 5.585 3.345 5.605 3.335 0 P 0
L 5.585 3.365 5.605 3.375 0 P 0
L 5.585 3.645 5.605 3.635 0 P 0
L 5.585 3.665 5.605 3.675 0 P 0
L 5.585 3.76 5.605 3.8 0 P 0
L 5.5878504 4.019 5.5938504 4.019 0 P 0
L 5.5878504 4.025 5.5938504 4.019 0 P 0
L 5.5878504 4.025 5.5938504 4.031 0 P 0
L 5.5878504 4.031 5.5938504 4.031 0 P 0
L 5.5918504 4.015 5.6018504 4.015 0 P 0
L 5.5918504 4.025 5.6018504 4.015 0 P 0
L 5.5918504 4.025 5.6018504 4.035 0 P 0
L 5.5918504 4.035 5.6018504 4.035 0 P 0
L 5.595 3.355 5.605 3.335 0 P 0
L 5.595 3.355 5.605 3.375 0 P 0
L 5.595 3.655 5.605 3.635 0 P 0
L 5.595 3.655 5.605 3.675 0 P 0
L 5.81 3.595 5.8433226 3.595 0 P 0
L 5.81 3.6199919 5.8266613 3.6199919 0 P 0
L 5.81 3.6449838 5.81 3.595 0 P 0
L 5.81 3.795 5.8433226 3.795 0 P 0
L 5.81 3.8199919 5.8266613 3.8199919 0 P 0
L 5.81 3.8449838 5.81 3.795 0 P 0
L 5.8433226 3.6449838 5.81 3.6449838 0 P 0
L 5.8433226 3.8449838 5.81 3.8449838 0 P 0
L 5.8515748 3.0833306 5.8599054 3.075 0 P 0
L 5.8515748 3.1166532 5.8515748 3.0833306 0 P 0
L 5.8599054 3.075 5.8765667 3.075 0 P 0
L 5.8599054 3.1249838 5.8515748 3.1166532 0 P 0
L 5.8765667 3.075 5.8848974 3.0833306 0 P 0
L 5.8765667 3.1249838 5.8599054 3.1249838 0 P 0
L 5.8848974 3.0833306 5.8848974 3.0999919 0 P 0
L 5.8848974 3.0999919 5.8682361 3.0999919 0 P 0
L 5.8848974 3.1166532 5.8765667 3.1249838 0 P 0
L 5.9207087 2.3983306 5.9290393 2.39 0 P 0
L 5.9207087 2.4316532 5.9207087 2.3983306 0 P 0
L 5.9290393 2.39 5.9457006 2.39 0 P 0
L 5.9290393 2.4399838 5.9207087 2.4316532 0 P 0
L 5.9457006 2.39 5.9540313 2.3983306 0 P 0
L 5.9457006 2.4399838 5.9290393 2.4399838 0 P 0
L 5.9540313 2.3983306 5.9540313 2.4149919 0 P 0
L 5.9540313 2.4149919 5.93737 2.4149919 0 P 0
L 5.9540313 2.4316532 5.9457006 2.4399838 0 P 0
L 5.995 3.41 6.0199919 3.41 0 P 0
L 5.995 3.4349919 6.0199919 3.4349919 0 P 0
L 5.995 3.4599838 5.995 3.41 0 P 0
L 5.995 4.0123622 6.0199919 4.0123622 0 P 0
L 5.995 4.0373541 6.0199919 4.0373541 0 P 0
L 5.995 4.062346 5.995 4.0123622 0 P 0
L 6.0199919 3.41 6.0283226 3.4183306 0 P 0
L 6.0199919 3.4349919 5.995 3.4349919 0 P 0
L 6.0199919 3.4349919 6.0283226 3.4433226 0 P 0
L 6.0199919 3.4599838 5.995 3.4599838 0 P 0
L 6.0199919 4.0123622 6.0283226 4.0206928 0 P 0
L 6.0199919 4.0373541 5.995 4.0373541 0 P 0
L 6.0199919 4.0373541 6.0283226 4.0456848 0 P 0
L 6.0199919 4.062346 5.995 4.062346 0 P 0
L 6.0283226 3.4183306 6.0283226 3.4266613 0 P 0
L 6.0283226 3.4266613 6.0199919 3.4349919 0 P 0
L 6.0283226 3.4433226 6.0283226 3.4516532 0 P 0
L 6.0283226 3.4516532 6.0199919 3.4599838 0 P 0
L 6.0283226 4.0206928 6.0283226 4.0290235 0 P 0
L 6.0283226 4.0290235 6.0199919 4.0373541 0 P 0
L 6.0283226 4.0456848 6.0283226 4.0540154 0 P 0
L 6.0283226 4.0540154 6.0199919 4.062346 0 P 0
L 6.19 3.8833306 6.1983306 3.875 0 P 0
L 6.19 3.9166532 6.19 3.8833306 0 P 0
L 6.1983306 3.875 6.2149919 3.875 0 P 0
L 6.1983306 3.9249838 6.19 3.9166532 0 P 0
L 6.2149919 3.875 6.2233226 3.8833306 0 P 0
L 6.2149919 3.9249838 6.1983306 3.9249838 0 P 0
L 6.2233226 3.9166532 6.2149919 3.9249838 0 P 0
L 6.29 3.675 6.3149919 3.675 0 P 0
L 6.29 3.6999919 6.3149919 3.6999919 0 P 0
L 6.29 3.7249838 6.29 3.675 0 P 0
L 6.3149919 3.675 6.3233226 3.6833306 0 P 0
L 6.3149919 3.6999919 6.29 3.6999919 0 P 0
L 6.3149919 3.6999919 6.3233226 3.7083226 0 P 0
L 6.3149919 3.7249838 6.29 3.7249838 0 P 0
L 6.3233226 3.6833306 6.3233226 3.6916613 0 P 0
L 6.3233226 3.6916613 6.3149919 3.6999919 0 P 0
L 6.3233226 3.7083226 6.3233226 3.7166532 0 P 0
L 6.3233226 3.7166532 6.3149919 3.7249838 0 P 0
L 6.3557874 2.1062598 6.3557874 2.1262598 0 P 0
L 6.3557874 2.1062598 6.3657874 2.1062598 0 P 0
L 6.3557874 2.1262598 6.3657874 2.1262598 0 P 0
L 6.3657874 2.0962598 6.3657874 2.1062598 0 P 0
L 6.3657874 2.0962598 6.3857874 2.0962598 0 P 0
L 6.3657874 2.1262598 6.3657874 2.1362598 0 P 0
L 6.3657874 2.1362598 6.3857874 2.1362598 0 P 0
L 6.3857874 2.0962598 6.3857874 2.1062598 0 P 0
L 6.3857874 2.1062598 6.3957874 2.1062598 0 P 0
L 6.3857874 2.1262598 6.3857874 2.1362598 0 P 0
L 6.3857874 2.1262598 6.3957874 2.1262598 0 P 0
L 6.39 3.675 6.4149919 3.675 0 P 0
L 6.39 3.6999919 6.4149919 3.6999919 0 P 0
L 6.39 3.7249838 6.39 3.675 0 P 0
L 6.3957874 2.1062598 6.3957874 2.1262598 0 P 0
L 6.41 2.7499919 6.41 2.725 0 P 0
L 6.41 2.7499919 6.4266613 2.7499919 0 P 0
L 6.41 2.7749838 6.41 2.7499919 0 P 0
L 6.4149919 3.675 6.4233226 3.6833306 0 P 0
L 6.4149919 3.6999919 6.39 3.6999919 0 P 0
L 6.4149919 3.6999919 6.4233226 3.7083226 0 P 0
L 6.4149919 3.7249838 6.39 3.7249838 0 P 0
L 6.4233226 3.6833306 6.4233226 3.6916613 0 P 0
L 6.4233226 3.6916613 6.4149919 3.6999919 0 P 0
L 6.4233226 3.7083226 6.4233226 3.7166532 0 P 0
L 6.4233226 3.7166532 6.4149919 3.7249838 0 P 0
L 6.4266613 2.7499919 6.41 2.7499919 0 P 0
L 6.4433226 2.7749838 6.41 2.7749838 0 P 0
L 6.45 3.0833306 6.4583306 3.075 0 P 0
L 6.45 3.1166532 6.45 3.0833306 0 P 0
L 6.4583306 3.075 6.4749919 3.075 0 P 0
L 6.4583306 3.1249838 6.45 3.1166532 0 P 0
L 6.4749919 3.075 6.4833226 3.0833306 0 P 0
L 6.4749919 3.1249838 6.4583306 3.1249838 0 P 0
L 6.4833226 3.0833306 6.4833226 3.0999919 0 P 0
L 6.4833226 3.0999919 6.4666613 3.0999919 0 P 0
L 6.4833226 3.1166532 6.4749919 3.1249838 0 P 0
L 6.59 2.3983306 6.5983306 2.39 0 P 0
L 6.59 2.4316532 6.59 2.3983306 0 P 0
L 6.59 3.8833306 6.5983306 3.875 0 P 0
L 6.59 3.9166532 6.59 3.8833306 0 P 0
L 6.5983306 2.39 6.6149919 2.39 0 P 0
L 6.5983306 2.4399838 6.59 2.4316532 0 P 0
L 6.5983306 3.875 6.6149919 3.875 0 P 0
L 6.5983306 3.9249838 6.59 3.9166532 0 P 0
L 6.61 2.590433 6.62 2.590433 0 P 0
L 6.61 2.590433 6.62 2.600433 0 P 0
L 6.61 2.610433 6.62 2.600433 0 P 0
L 6.61 2.610433 6.62 2.610433 0 P 0
L 6.61 2.805 6.62 2.805 0 P 0
L 6.61 2.805 6.62 2.815 0 P 0
L 6.61 2.825 6.62 2.815 0 P 0
L 6.61 2.825 6.62 2.825 0 P 0
L 6.61 3.0195669 6.62 3.0195669 0 P 0
L 6.61 3.0195669 6.62 3.0295669 0 P 0
L 6.61 3.0395669 6.62 3.0295669 0 P 0
L 6.61 3.0395669 6.62 3.0395669 0 P 0
L 6.6149919 2.39 6.6233226 2.3983306 0 P 0
L 6.6149919 2.4399838 6.5983306 2.4399838 0 P 0
L 6.6149919 3.875 6.6233226 3.8833306 0 P 0
L 6.6149919 3.9249838 6.5983306 3.9249838 0 P 0
L 6.62 2.590433 6.63 2.580433 0 P 0
L 6.62 2.610433 6.63 2.620433 0 P 0
L 6.62 2.805 6.63 2.795 0 P 0
L 6.62 2.825 6.63 2.835 0 P 0
L 6.62 3.0195669 6.63 3.0095669 0 P 0
L 6.62 3.0395669 6.63 3.0495669 0 P 0
L 6.6233226 2.3983306 6.6233226 2.4149919 0 P 0
L 6.6233226 2.4149919 6.6066613 2.4149919 0 P 0
L 6.6233226 2.4316532 6.6149919 2.4399838 0 P 0
L 6.6233226 3.9166532 6.6149919 3.9249838 0 P 0
L 6.63 2.580433 6.64 2.590433 0 P 0
L 6.63 2.620433 6.64 2.610433 0 P 0
L 6.63 2.795 6.64 2.805 0 P 0
L 6.63 2.835 6.64 2.825 0 P 0
L 6.63 3.0095669 6.64 3.0195669 0 P 0
L 6.63 3.0495669 6.64 3.0395669 0 P 0
L 6.64 2.590433 6.65 2.590433 0 P 0
L 6.64 2.600433 6.65 2.590433 0 P 0
L 6.64 2.600433 6.65 2.610433 0 P 0
L 6.64 2.610433 6.65 2.610433 0 P 0
L 6.64 2.805 6.65 2.805 0 P 0
L 6.64 2.815 6.65 2.805 0 P 0
L 6.64 2.815 6.65 2.825 0 P 0
L 6.64 2.825 6.65 2.825 0 P 0
L 6.64 3.0195669 6.65 3.0195669 0 P 0
L 6.64 3.0295669 6.65 3.0195669 0 P 0
L 6.64 3.0295669 6.65 3.0395669 0 P 0
L 6.64 3.0395669 6.65 3.0395669 0 P 0
L 6.94 1.415 6.94 1.455 0 P 0
L 6.94 1.415 6.98 1.415 0 P 0
L 6.94 1.455 6.98 1.455 0 P 0
L 6.94 1.5527953 6.94 1.5927953 0 P 0
L 6.94 1.5527953 6.98 1.5527953 0 P 0
L 6.94 1.5927953 6.98 1.5927953 0 P 0
L 6.96 2.6422047 6.96 2.6822047 0 P 0
L 6.96 2.6422047 7 2.6422047 0 P 0
L 6.96 2.6822047 7 2.6822047 0 P 0
L 6.96 2.78 6.96 2.82 0 P 0
L 6.96 2.78 7 2.78 0 P 0
L 6.96 2.82 7 2.82 0 P 0
L 6.98 1.415 6.98 1.455 0 P 0
L 6.98 1.5527953 6.98 1.5927953 0 P 0
L 6.995 1.8500787 6.995 1.86674 0 P 0
L 6.995 1.86674 7.0283226 1.9000625 0 P 0
L 6.995 1.9000625 6.995 1.8500787 0 P 0
L 6.995 2.28 6.995 2.2966613 0 P 0
L 6.995 2.2966613 7.0283226 2.3299838 0 P 0
L 6.995 2.3299838 6.995 2.28 0 P 0
L 6.9983306 3.99 6.99 3.9983306 0 P 0
L 6.9983316 0.909999 6.990001 0.9183296 0 P 0
L 7 2.6422047 7 2.6822047 0 P 0
L 7 2.78 7 2.82 0 P 0
L 7.0033306 1.8750706 7.0283226 1.8500787 0 P 0
L 7.0033306 2.3049919 7.0283226 2.28 0 P 0
L 7.0066613 3.99 6.9983306 3.99 0 P 0
L 7.0066613 4.0399838 7.0149919 4.0399838 0 P 0
L 7.0066623 0.909999 6.9983316 0.909999 0 P 0
L 7.0066623 0.9599828 7.0149929 0.9599828 0 P 0
L 7.0149919 3.9983306 7.0066613 3.99 0 P 0
L 7.0149919 4.0399838 7.0149919 3.9983306 0 P 0
L 7.0149929 0.9183296 7.0066623 0.909999 0 P 0
L 7.0149929 0.9599828 7.0149929 0.9183296 0 P 0
L 7.0233226 4.0399838 7.0066613 4.0399838 0 P 0
L 7.0233236 0.9599828 7.0066623 0.9599828 0 P 0
L 7.0283226 1.9000625 7.0033306 1.8750706 0 P 0
L 7.0283226 2.3299838 7.0033306 2.3049919 0 P 0
